dimwishlist:item=3583275737&perks=1840239774,3230963543,2428997981,2610012052
dimwishlist:item=3229982889&perks=1840239774,3230963543,692399809,2298656195
dimwishlist:item=4028298892&perks=3525010810,2822142346,2010801679,3218042543
dimwishlist:item=1757177186&perks=1840239774,1561002382,3643424744,3966416502
dimwishlist:item=3776430252&perks=839105230,1087426260,776531651,1464081238
dimwishlist:item=1390080550&perks=839105230,3230963543,2010801679,124408337
dimwishlist:item=727781522&perks=839105230,1687452232,3643424744,1427256713
dimwishlist:item=727781522&perks=839105230,689005463,3643424744,1134488199
dimwishlist:item=1757177186&perks=839105230,2420895100,3643424744,3966416502
dimwishlist:item=1757177186&perks=839105230,2420895100,3643424744,3218042543
dimwishlist:item=1757177186&perks=839105230,2420895100,684456054,3966416502